85
о
ои
оип
оипс
оипсп
оипспо
оипсп
оипс
оип
ои
о

1
12
123
1236
12365

1
13
132
1324
13246
132465
13246
1324
132
13
1

5
52
523

2
24
245
2453
24536
2453
245
24
2

5
51
510
5102
51025
510259
5102591
51025914
510259142

Please enter the number
Please enter the number2
Please enter the number25
Please enter the number2

5
58
589
589 + 
589 + 8
589 + 85
589 + 855
589 + 8551
589 + 8551 + 
589 + 8551 + 2
589 + 8551 + 27
589 + 8551 + 274
589 + 8551 + 2741
589 + 8551 + 27411
589 + 8551 + 27411 + 
589 + 8551 + 27411 + 1
589 + 8551 + 27411 + 14
589 + 8551 + 27411 + 145
589 + 8551 + 27411 + 1452
589 + 8551 + 27411 + 14522
589 + 8551 + 27411 + 145224
589 + 8551 + 27411 + 145224 + 
589 + 8551 + 27411 + 145224 + 1
589 + 8551 + 27411 + 145224 + 11
589 + 8551 + 27411 + 145224 + 115
5
5 + 

5
10
10 + 

6
60
70
70 + 

5
75
5
5 - 

5
0
0 + 

6
60
600
600 - 

3
30
570
570 - 

1
17
170
170,
170,5
399,5
399,5 + 

0
0,
0,5
400
400 / 

2
200
200 / 

2
100
100 / 

5
50
2
2 - 

5
50
-48
-48 - 

6
60
-108
-108 + 

1
12
120
12
6
65
65 + 

3
68
6
65
65 + 

2
25
90
6
65
65 + 

2
25
90
9
9 + 

6
6 + 

5
11
9
9 + 

6
6 + 

6
12
12 + 

6
18
189
18
1

9
98
98 + 

5
103

9
9 + 

6
15
1

6
6 + 

6
12

6
65
659
6598
9
9 + 

5
5 + 

6
11

6
6 + 

6
12
18

6
66
668
6688
66882

6
65
658
658 + 

6
664
6
6 + 

5
11

6
6 + 

5
11

6
66
666
6666
666
66
6

2
22
22 / 

2
11
6
6 + 

6

5
5 + 

5
55
5

3
8

6
66
666
666 + 

5
55
555
5656
566656

5
55
558
558 + 

6
66
669
6698
66988
669888
6698885
6565988 8+8 
6555685 9+8 86 689+888
6
6 + 

3
9
96
96 + 

6
6
6 + 

6

6

6
66
666
6666
66666
666666
6666666
66666666
6666666
666666
3
3 + 

3
6
6
6
6 + 


5
5
5 + 


5
5
5
10
10
Content
Content5
Content5
Content52
Content52
Content52Content
Content52ContentContent
Content52ContentContentContent
